image_width: 1280
image_height: 720
camera_name: webcam
camera_matrix:
  rows: 3
  cols: 3
  data: [1075.09491,    0.     ,  626.54794,
            0.     , 1068.67994,  394.9074 ,
            0.     ,    0.     ,    1.     ]
distortion_model: plumb_bob
distortion_coefficients:
  rows: 1
  cols: 5
  data: [-0.555641, 0.242457, -0.015304, 0.001797, 0.000000]
rectification_matrix:
  rows: 3
  cols: 3
  data: [1., 0., 0.,
         0., 1., 0.,
         0., 0., 1.]
projection_matrix:
  rows: 3
  cols: 4
  data: [802.97693,   0.     , 622.50864,   0.     ,
           0.     , 995.95587, 392.52346,   0.     ,
           0.     ,   0.     ,   1.     ,   0.     ]
